image_width: 1920
image_height: 1080
camera_name: narrow_stereo/left
camera_matrix:
  rows: 3
  cols: 3
  data: [1568.160101, 0, 1026.238734, 0, 1565.321054, 494.027014, 0, 0, 1]
distortion_model: plumb_bob
distortion_coefficients:
  rows: 1
  cols: 5
  data: [0.0712, -0.033449, -0.013762, 0.020095, 0]
rectification_matrix:
  rows: 3
  cols: 3
  data: [1, 0, 0, 0, 1, 0, 0, 0, 1]
projection_matrix:
  rows: 3
  cols: 4
  data: [1608.296875, 0, 1058.763757, 0, 0, 1629.245605, 481.039521, 0, 0, 0, 1, 0]