# oST version 5.0 parameters


[image]

width
640

height
480

[narrow_stereo/left]

camera matrix
677.073487 0.000000 317.751288
0.000000 676.379322 244.058597
0.000000 0.000000 1.000000

distortion
0.029425 0.062351 0.004414 0.000927 0.000000

rectification
1.000000 0.000000 0.000000
0.000000 1.000000 0.000000
0.000000 0.000000 1.000000

projection
689.258484 0.000000 317.776916 0.000000
0.000000 687.020508 245.169737 0.000000
0.000000 0.000000 1.000000 0.000000
