image_width: 640
image_height: 480
camera_name: narrow_stereo/left
camera_matrix:
  rows: 3
  cols: 3
  data: [677.073487, 0, 317.751288, 0, 676.379322, 244.058597, 0, 0, 1]
distortion_model: plumb_bob
distortion_coefficients:
  rows: 1
  cols: 5
  data: [0.029425, 0.062351, 0.004414, 0.000927, 0]
rectification_matrix:
  rows: 3
  cols: 3
  data: [1, 0, 0, 0, 1, 0, 0, 0, 1]
projection_matrix:
  rows: 3
  cols: 4
  data: [689.258484, 0, 317.776916, 0, 0, 687.020508, 245.169737, 0, 0, 0, 1, 0]