# oST version 5.0 parameters


[image]

width
1920

height
1080

[narrow_stereo/left]

camera matrix
1568.160101 0.000000 1026.238734
0.000000 1565.321054 494.027014
0.000000 0.000000 1.000000

distortion
0.071200 -0.033449 -0.013762 0.020095 0.000000

rectification
1.000000 0.000000 0.000000
0.000000 1.000000 0.000000
0.000000 0.000000 1.000000

projection
1608.296875 0.000000 1058.763757 0.000000
0.000000 1629.245605 481.039521 0.000000
0.000000 0.000000 1.000000 0.000000

